0,2
1,87
2,116
3,281
4,407
5,418
6,357
7,380
8,420
9,470
10,543
11,538
12,600
13,644
14,701
15,707
16,696
17,749
18,771
19,812
20,837
21,879
22,876
23,862
24,877
25,893
26,925
27,1004
28,1047
29,1027
30,1015
31,1015
32,979
33,1013
34,1104
35,1105
36,1088
37,1083
38,1049
39,1129
40,1112
41,1077
42,1132
43,1104
44,1013
45,1101
46,1113
47,1111
48,1110
49,1168
50,1138
51,1199
52,1143
53,1152
54,1111
55,1139
56,1155
57,1134
58,1105
59,1156
60,1121
61,1099
62,1134
63,1107
64,1066
65,1049
66,1078
67,1052
68,1032
69,1079
70,1068
71,1042
72,1046
73,1010
74,951
75,983
76,954
77,964
78,984
79,938
80,1015
81,915
82,998
83,970
84,957
85,945
86,918
87,908
88,919
89,883
90,846
91,856
92,815
93,804
94,764
95,860
96,802
97,876
98,780
99,777
100,822
101,749
102,717
103,677
104,759
105,736
106,723
107,673
108,715
109,743
110,654
111,668
112,685
113,700
114,699
115,683
116,668
117,665
118,672
119,643
120,557
121,646
122,581
123,651
124,594
125,590
126,579
127,536
128,544
129,575
130,579
131,537
132,589
133,541
134,535
135,539
136,568
137,542
138,582
139,560
140,532
141,519
142,534
143,506
144,558
145,483
146,532
147,521
148,465
149,495
150,515
151,498
152,471
153,480
154,479
155,478
156,441
157,467
158,417
159,425
160,470
161,432
162,465
163,418
164,440
165,434
166,449
167,440
168,426
169,410
170,431
171,422
172,394
173,384
174,408
175,424
176,416
177,364
178,407
179,373
180,401
181,375
182,384
183,363
184,322
185,373
186,314
187,366
188,364
189,364
190,333
191,337
192,367
193,319
194,330
195,310
196,312
197,329
198,299
199,329
200,336
201,322
202,311
203,290
204,261
205,273
206,340
207,283
208,309
209,294
210,333
211,302
212,247
213,294
214,314
215,307
216,278
217,262
218,292
219,279
220,289
221,276
222,272
223,229
224,291
225,256
226,244
227,239
228,271
229,257
230,279
231,268
232,270
233,268
234,253
235,274
236,237
237,254
238,212
239,235
240,243
241,238
242,211
243,235
244,237
245,232
246,240
247,237
248,217
249,226
250,200
251,217
252,225
253,235
254,219
255,244
256,222
257,181
258,212
259,223
260,198
261,189
262,202
263,223
264,214
265,195
266,205
267,214
268,244
269,202
270,230
271,230
272,199
273,192
274,197
275,204
276,179
277,193
278,175
279,190
280,186
281,182
282,186
283,189
284,184
285,190
286,178
287,158
288,164
289,173
290,169
291,171
292,180
293,164
294,164
295,160
296,179
297,173
298,152
299,161
300,150
301,156
302,178
303,168
304,173
305,155
306,142
307,173
308,162
309,158
310,158
311,164
312,169
313,152
314,146
315,135
316,148
317,146
318,149
319,134
320,126
321,154
322,145
323,143
324,132
325,128
326,136
327,131
328,120
329,140
330,144
331,117
332,146
333,121
334,146
335,138
336,135
337,146
338,100
339,117
340,135
341,150
342,120
343,115
344,102
345,121
346,125
347,106
348,118
349,123
350,125
351,106
352,107
353,107
354,164
355,139
356,114
357,121
358,110
359,111
360,121
361,112
362,116
363,97
364,122
365,104
366,110
367,91
368,111
369,112
370,102
371,114
372,110
373,111
374,83
375,109
376,112
377,119
378,118
379,109
380,101
381,93
382,98
383,86
384,101
385,94
386,84
387,92
388,77
389,95
390,98
391,99
392,107
393,81
394,84
395,100
396,90
397,103
398,92
399,107
400,84
401,77
402,102
403,89
404,85
405,90
406,78
407,106
408,78
409,94
410,83
411,76
412,76
413,89
414,85
415,98
416,82
417,79
418,68
419,95
420,69
421,86
422,86
423,77
424,75
425,82
426,66
427,81
428,66
429,84
430,99
431,82
432,58
433,76
434,81
435,67
436,82
437,70
438,67
439,68
440,69
441,66
442,78
443,69
444,68
445,73
446,74
447,89
448,69
449,76
450,63
451,64
452,63
453,72
454,78
455,82
456,77
457,68
458,66
459,78
460,84
461,71
462,73
463,72
464,84
465,64
466,83
467,74
468,65
469,76
470,63
471,61
472,65
473,72
474,66
475,57
476,77
477,76
478,48
479,79
480,62
481,52
482,50
483,73
484,59
485,56
486,68
487,75
488,79
489,74
490,52
491,54
492,66
493,57
494,71
495,47
496,68
497,36
498,65
499,61
500,66
501,55
502,59
503,72
504,64
505,47
506,51
507,61
508,66
509,70
510,67
511,61
512,60
513,54
514,68
515,51
516,60
517,57
518,49
519,52
520,65
521,60
522,61
523,62
524,52
525,52
526,44
527,61
528,53
529,59
530,63
531,57
532,51
533,36
534,63
535,62
536,30
537,51
538,56
539,43
540,41
541,48
542,44
543,54
544,56
545,49
546,42
547,59
548,57
549,53
550,49
551,47
552,28
553,54
554,46
555,41
556,61
557,48
558,46
559,33
560,51
561,49
562,40
563,47
564,40
565,35
566,40
567,41
568,39
569,42
570,43
571,39
572,36
573,38
574,34
575,45
576,33
577,35
578,36
579,44
580,39
581,40
582,32
583,41
584,39
585,51
586,41
587,38
588,50
589,40
590,42
591,37
592,33
593,43
594,39
595,34
596,34
597,37
598,38
599,42
600,40
601,44
602,29
603,44
604,37
605,34
606,35
607,38
608,39
609,35
610,40
611,36
612,41
613,39
614,35
615,36
616,37
617,26
618,35
619,36
620,32
621,31
622,45
623,40
624,37
625,47
626,39
627,37
628,30
629,31
630,30
631,38
632,36
633,27
634,38
635,40
636,32
637,21
638,42
639,34
640,31
641,23
642,36
643,19
644,40
645,32
646,33
647,35
648,22
649,31
650,30
651,34
652,39
653,37
654,28
655,30
656,30
657,37
658,31
659,24
660,23
661,40
662,25
663,25
664,24
665,25
666,14
667,21
668,24
669,29
670,28
671,26
672,17
673,30
674,31
675,25
676,21
677,23
678,24
679,28
680,30
681,27
682,25
683,26
684,13
685,25
686,24
687,29
688,21
689,17
690,23
691,28
692,36
693,23
694,26
695,28
696,23
697,30
698,19
699,23
700,34
701,26
702,32
703,23
704,21
705,22
706,18
707,26
708,20
709,23
710,23
711,33
712,22
713,19
714,22
715,19
716,26
717,32
718,22
719,18
720,31
721,20
722,30
723,19
724,23
725,23
726,23
727,24
728,25
729,22
730,28
731,22
732,12
733,26
734,27
735,16
736,18
737,17
738,21
739,25
740,22
741,28
742,16
743,19
744,19
745,13
746,22
747,21
748,13
749,23
750,21
751,23
752,16
753,26
754,24
755,33
756,17
757,17
758,20
759,21
760,14
761,14
762,20
763,26
764,15
765,28
766,18
767,18
768,21
769,18
770,9
771,23
772,18
773,20
774,16
775,15
776,18
777,20
778,18
779,16
780,23
781,21
782,11
783,25
784,13
785,24
786,18
787,18
788,16
789,9
790,17
791,21
792,14
793,18
794,23
795,12
796,20
797,19
798,17
799,20
800,17
801,20
802,16
803,16
804,13
805,18
806,17
807,18
808,18
809,10
810,12
811,12
812,22
813,10
814,19
815,18
816,18
817,12
818,15
819,15
820,13
821,17
822,12
823,14
824,17
825,17
826,13
827,18
828,13
829,21
830,19
831,11
832,17
833,13
834,16
835,17
836,12
837,19
838,18
839,6
840,11
841,12
842,13
843,21
844,18
845,11
846,14
847,17
848,19
849,17
850,15
851,14
852,8
853,16
854,15
855,17
856,17
857,14
858,17
859,9
860,16
861,12
862,13
863,17
864,14
865,13
866,15
867,16
868,7
869,11
870,16
871,12
872,13
873,8
874,14
875,10
876,6
877,14
878,16
879,15
880,12
881,13
882,10
883,17
884,10
885,17
886,13
887,9
888,15
889,10
890,11
891,17
892,11
893,11
894,14
895,14
896,11
897,13
898,14
899,15
900,14
901,11
902,10
903,12
904,10
905,12
906,14
907,8
908,15
909,10
910,10
911,7
912,12
913,12
914,8
915,8
916,11
917,13
918,10
919,10
920,13
921,10
922,5
923,7
924,11
925,6
926,13
927,9
928,16
929,11
930,24
931,7
932,15
933,10
934,10
935,14
936,9
937,10
938,12
939,15
940,11
941,10
942,17
943,8
944,14
945,12
946,11
947,8
948,4
949,7
950,7
951,12
952,8
953,6
954,10
955,7
956,12
957,12
958,8
959,10
960,10
961,8
962,7
963,8
964,14
965,10
966,8
967,11
968,15
969,4
970,8
971,11
972,5
973,6
974,3
975,11
976,16
977,13
978,10
979,6
980,7
981,16
982,11
983,16
984,10
985,19
986,6
987,4
988,18
989,5
990,7
991,7
992,15
993,9
994,8
995,11
996,12
997,7
998,10
999,12
1000,13
1001,11
1002,14
1003,5
1004,11
1005,9
1006,7
1007,9
1008,11
1009,3
1010,8
1011,4
1012,6
1013,6
1014,8
1015,6
1016,2
1017,8
1018,6
1019,11
1020,7
1021,6
1022,7
1023,7
1024,12
1025,7
1026,12
1027,7
1028,10
1029,9
1030,7
1031,5
1032,12
1033,5
1034,4
1035,9
1036,6
1037,11
1038,9
1039,8
1040,7
1041,8
1042,7
1043,7
1044,13
1045,10
1046,8
1047,5
1048,10
1049,8
1050,6
1051,11
1052,6
1053,5
1054,6
1055,4
1056,11
1057,6
1058,9
1059,7
1060,3
1061,8
1062,10
1063,9
1064,5
1065,5
1066,6
1067,8
1068,6
1069,8
1070,12
1071,8
1072,6
1073,2
1074,8
1075,3
1076,4
1077,2
1078,6
1079,3
1080,7
1081,11
1082,6
1083,4
1084,4
1085,6
1086,8
1087,3
1088,9
1089,5
1090,8
1091,5
1092,5
1093,10
1094,3
1095,9
1096,7
1097,7
1098,9
1099,8
1100,9
1101,3
1102,8
1103,4
1104,12
1105,4
1106,7
1107,3
1108,7
1109,5
1110,6
1111,5
1112,5
1113,7
1114,5
1115,6
1116,4
1117,7
1118,5
1119,6
1120,7
1121,5
1122,5
1123,5
1124,7
1125,5
1126,7
1127,6
1128,4
1129,9
1130,3
1131,9
1132,6
1133,7
1134,6
1135,6
1136,8
1137,4
1138,6
1139,9
1140,12
1141,6
1142,8
1143,10
1144,5
1145,7
1146,7
1147,6
1148,4
1149,4
1150,10
1151,6
1152,6
1153,6
1154,6
1155,6
1156,6
1157,3
1158,9
1159,5
1160,5
1161,4
1162,5
1163,6
1164,3
1165,5
1166,2
1167,12
1168,7
1169,6
1170,3
1171,8
1172,8
1173,4
1174,4
1175,7
1176,6
1177,4
1178,7
1179,6
1180,6
1181,7
1182,5
1183,7
1184,5
1185,8
1186,7
1187,6
1188,6
1189,7
1190,4
1191,9
1192,4
1193,3
1194,5
1195,6
1196,4
1197,2
1198,6
1199,6
1200,4
1201,7
1202,9
1203,3
1204,3
1205,5
1206,5
1207,8
1208,6
1209,2
1210,5
1211,6
1212,2
1213,3
1214,3
1215,6
1216,2
1217,5
1218,6
1219,4
1220,2
1221,2
1222,7
1223,9
1224,2
1225,6
1226,2
1227,1
1228,7
1229,7
1230,5
1231,4
1232,4
1233,6
1234,3
1235,6
1236,5
1237,3
1238,5
1239,7
1240,4
1241,4
1242,7
1243,3
1244,5
1245,2
1246,8
1247,6
1248,6
1249,3
1250,2
1251,2
1252,5
1253,3
1254,7
1255,9
1256,7
1257,5
1258,9
1259,4
1260,6
1261,6
1263,5
1264,7
1265,6
1267,5
1268,2
1269,5
1270,7
1271,3
1272,7
1273,2
1274,5
1275,5
1276,5
1277,1
1278,3
1279,4
1280,5
1281,6
1282,6
1283,3
1284,4
1285,3
1286,4
1287,2
1288,2
1290,4
1291,2
1292,2
1293,5
1294,5
1295,3
1296,4
1297,3
1298,5
1299,1
1300,4
1301,4
1302,3
1303,4
1304,4
1305,4
1306,5
1307,10
1308,5
1309,4
1310,8
1311,3
1312,2
1313,4
1314,5
1315,2
1316,5
1317,4
1318,4
1319,4
1320,2
1321,2
1322,2
1323,4
1324,5
1325,4
1326,8
1327,2
1328,2
1329,3
1330,3
1331,4
1332,4
1333,4
1334,1
1335,2
1336,5
1337,4
1338,8
1339,4
1340,1
1341,4
1342,2
1343,11
1344,4
1345,3
1346,2
1348,4
1349,2
1350,7
1352,5
1353,3
1354,6
1355,2
1356,3
1357,4
1358,4
1359,8
1360,3
1361,4
1362,3
1363,3
1364,5
1365,1
1367,3
1368,5
1369,1
1370,4
1371,3
1372,4
1373,7
1374,5
1375,2
1376,2
1377,3
1378,4
1379,5
1380,3
1381,4
1382,4
1383,5
1384,4
1385,3
1386,2
1387,3
1388,3
1389,1
1390,3
1391,2
1392,9
1393,4
1394,6
1395,3
1397,3
1398,2
1399,3
1400,2
1401,2
1402,4
1403,3
1404,5
1405,4
1406,5
1407,2
1408,3
1409,1
1410,2
1411,10
1412,6
1413,2
1414,6
1415,2
1416,4
1417,4
1418,2
1419,1
1420,2
1421,3
1422,1
1423,1
1424,4
1425,2
1426,2
1427,4
1428,4
1430,3
1431,4
1432,3
1433,2
1434,3
1435,2
1436,4
1437,2
1438,2
1440,2
1442,4
1443,2
1444,4
1445,1
1446,3
1447,4
1448,1
1449,1
1450,2
1451,3
1452,5
1453,3
1454,2
1455,2
1456,1
1457,3
1458,5
1459,3
1460,3
1461,2
1462,2
1463,2
1464,1
1465,1
1466,3
1467,3
1468,1
1469,2
1470,5
1471,3
1473,5
1474,4
1475,2
1476,2
1477,1
1478,2
1479,2
1480,2
1481,2
1482,3
1483,4
1484,2
1486,7
1487,1
1488,5
1489,6
1490,5
1492,2
1494,4
1495,4
1496,4
1497,1
1498,2
1499,5
1500,3
1501,1
1502,2
1503,6
1504,1
1506,1
1507,1
1508,2
1509,1
1511,3
1512,1
1513,1
1515,3
1516,4
1517,3
1518,3
1519,2
1520,6
1521,1
1522,1
1523,4
1524,1
1525,2
1526,4
1528,2
1529,2
1530,1
1531,2
1532,1
1533,3
1534,2
1535,2
1536,2
1537,1
1538,1
1539,3
1540,7
1541,1
1542,1
1544,2
1545,1
1546,2
1547,3
1548,1
1550,4
1551,1
1552,3
1553,2
1554,2
1555,2
1556,3
1558,2
1559,1
1560,2
1561,5
1562,1
1563,4
1564,1
1565,1
1567,2
1568,4
1569,1
1570,1
1571,3
1572,4
1573,3
1574,3
1575,1
1576,2
1577,3
1578,2
1579,2
1581,1
1582,1
1583,1
1585,2
1586,2
1588,1
1589,1
1590,5
1591,2
1592,1
1593,1
1594,2
1595,1
1598,2
1599,2
1601,1
1602,1
1603,2
1605,3
1606,1
1607,4
1608,1
1609,2
1610,2
1611,1
1612,2
1613,1
1614,2
1615,3
1616,1
1619,3
1620,3
1621,1
1622,2
1623,4
1624,2
1625,1
1626,3
1627,2
1628,3
1629,3
1630,1
1631,2
1632,2
1633,3
1634,2
1635,2
1636,3
1637,1
1639,2
1640,1
1642,2
1643,1
1644,4
1646,3
1647,2
1648,2
1649,1
1650,3
1651,2
1652,4
1653,5
1654,3
1655,3
1656,2
1657,1
1658,2
1659,2
1660,1
1661,3
1662,2
1663,4
1664,1
1665,1
1667,1
1669,1
1671,4
1673,2
1674,1
1675,1
1676,3
1677,3
1678,2
1679,2
1680,2
1681,1
1682,1
1684,1
1685,3
1686,2
1688,4
1689,8
1690,2
1692,1
1693,1
1694,5
1695,1
1696,2
1697,1
1698,2
1699,3
1701,2
1703,2
1704,1
1705,2
1707,1
1709,2
1710,2
1711,1
1713,2
1714,1
1715,2
1716,5
1717,2
1718,1
1719,2
1720,1
1723,2
1725,1
1726,1
1727,3
1729,4
1730,2
1731,1
1732,3
1734,2
1735,1
1739,3
1740,3
1742,3
1744,2
1745,5
1746,3
1747,2
1748,1
1750,2
1751,2
1753,1
1754,3
1755,1
1756,2
1757,3
1758,2
1761,1
1763,2
1764,4
1765,2
1767,1
1768,2
1769,2
1770,1
1771,2
1772,1
1773,1
1774,1
1775,3
1776,1
1777,1
1778,2
1780,2
1782,1
1784,2
1785,4
1787,2
1788,2
1789,1
1790,1
1792,2
1794,1
1795,1
1798,3
1801,2
1802,2
1803,2
1804,1
1807,2
1810,1
1811,4
1812,2
1813,1
1814,1
1815,1
1816,4
1817,1
1818,1
1820,3
1821,2
1822,1
1823,1
1824,1
1825,2
1826,2
1827,1
1829,1
1831,2
1833,1
1834,2
1835,4
1836,1
1837,2
1839,1
1841,1
1842,1
1843,1
1846,3
1848,2
1849,2
1851,2
1853,1
1854,1
1857,1
1858,1
1859,1
1860,1
1861,1
1862,1
1863,2
1865,1
1866,1
1867,1
1868,2
1869,1
1870,2
1871,2
1872,1
1873,3
1874,1
1875,2
1877,1
1878,1
1879,3
1882,1
1883,2
1884,1
1885,2
1886,1
1887,1
1888,1
1889,1
1890,1
1893,2
1896,1
1897,1
1898,1
1901,1
1902,1
1903,2
1905,2
1906,1
1909,1
1912,1
1914,1
1915,1
1918,1
1919,4
1921,1
1922,1
1923,4
1926,1
1929,2
1930,2
1931,1
1932,1
1935,4
1936,1
1937,2
1938,2
1939,1
1940,1
1941,1
1942,4
1943,3
1944,2
1946,1
1947,1
1948,2
1949,1
1957,1
1958,1
1960,2
1961,2
1969,3
1971,1
1975,1
1976,1
1977,2
1978,4
1979,1
1982,1
1983,1
1985,1
1987,4
1988,1
1989,1
1990,1
1991,1
1993,1
1997,1
1999,2
2000,2
2001,1
2002,3
2004,3
2005,1
2007,1
2012,3
2013,1
2014,1
2015,1
2019,2
2020,1
2021,1
2023,2
2024,1
2026,1
2027,1
2029,3
2030,2
2033,2
2034,1
2035,1
2036,2
2037,1
2038,1
2040,1
2042,1
2046,1
2049,1
2050,1
2051,1
2054,1
2055,1
2058,1
2059,1
2063,1
2064,2
2065,1
2066,2
2070,1
2072,1
2073,1
2074,1
2076,1
2078,1
2079,1
2087,1
2094,3
2096,1
2097,1
2098,2
2099,1
2101,2
2103,1
2104,1
2108,2
2110,3
2111,1
2113,1
2117,2
2120,1
2122,1
2123,2
2124,1
2126,1
2129,1
2130,1
2131,1
2133,1
2143,1
2145,2
2147,3
2151,2
2152,4
2153,2
2155,1
2156,1
2159,2
2160,1
2164,2
2166,1
2168,1
2170,1
2173,1
2174,1
2176,1
2181,1
2183,2
2184,1
2185,3
2192,1
2195,1
2200,1
2203,1
2204,1
2206,1
2207,1
2208,1
2209,1
2213,1
2214,1
2216,2
2219,1
2221,1
2223,2
2225,1
2226,1
2227,2
2233,1
2237,2
2238,1
2240,1
2241,2
2243,1
2245,1
2246,1
2247,1
2250,1
2251,2
2253,1
2254,1
2256,2
2261,1
2263,1
2264,1
2269,1
2270,1
2282,2
2284,1
2285,1
2291,1
2292,1
2294,1
2296,1
2297,1
2298,1
2302,2
2304,2
2306,1
2307,1
2308,2
2310,1
2314,2
2318,3
2328,1
2330,2
2337,1
2340,1
2342,1
2345,2
2346,1
2352,2
2353,1
2354,1
2356,2
2357,1
2358,1
2359,1
2362,4
2367,1
2372,1
2374,1
2376,1
2377,2
2382,2
2384,1
2386,1
2387,1
2390,1
2391,1
2393,1
2394,1
2395,1
2397,1
2399,1
2402,2
2404,2
2408,1
2414,1
2422,1
2423,1
2424,1
2425,2
2426,3
2432,1
2434,1
2437,1
2443,1
2447,1
2448,1
2451,1
2453,1
2456,1
2457,2
2464,2
2465,1
2470,1
2471,1
2473,1
2485,2
2489,2
2491,1
2493,2
2505,1
2506,1
2508,1
2509,1
2511,1
2517,2
2519,1
2521,1
2523,1
2528,2
2529,1
2531,1
2532,1
2535,1
2538,1
2540,1
2541,1
2543,1
2545,1
2548,1
2552,1
2554,2
2563,1
2569,1
2570,1
2573,1
2574,2
2578,1
2579,1
2586,7
2589,1
2591,1
2592,1
2594,1
2595,1
2598,1
2599,1
2605,1
2609,2
2612,1
2615,1
2616,1
2617,1
2618,1
2619,1
2620,2
2624,1
2626,1
2628,1
2631,1
2633,1
2634,1
2638,1
2647,1
2653,1
2659,1
2661,1
2662,1
2664,1
2665,3
2666,1
2670,1
2671,1
2674,2
2680,1
2685,1
2689,2
2690,1
2694,1
2698,1
2700,2
2703,1
2720,1
2721,1
2722,2
2726,1
2734,1
2740,1
2742,1
2744,1
2749,1
2750,1
2751,1
2754,2
2759,1
2763,1
2770,1
2773,2
2788,1
2793,1
2797,1
2799,1
2802,1
2808,1
2818,1
2819,1
2830,1
2837,1
2838,1
2845,1
2846,1
2847,1
2850,1
2864,1
2865,2
2871,1
2877,1
2879,2
2883,1
2891,1
2893,1
2901,1
2907,1
2908,1
2909,1
2917,2
2918,1
2923,1
2946,1
2948,1
2950,1
2964,1
2965,1
2967,1
2983,1
2984,1
2991,1
2997,2
2998,4
3000,3
3001,1
3004,1
3007,1
3023,2
3032,1
3049,1
3067,3
3074,1
3077,1
3078,1
3094,1
3098,1
3107,1
3115,1
3129,1
3135,1
3136,1
3137,1
3139,1
3164,1
3169,1
3173,1
3178,1
3187,1
3193,1
3195,2
3199,2
3216,1
3218,1
3228,1
3244,1
3245,1
3263,2
3267,1
3276,1
3281,1
3287,1
3292,1
3297,1
3298,2
3304,1
3315,1
3336,1
3339,1
3340,1
3343,1
3372,1
3393,1
3395,1
3401,1
3408,1
3420,2
3427,2
3429,1
3433,1
3442,1
3445,1
3446,1
3447,1
3455,1
3459,1
3466,1
3470,2
3478,1
3495,1
3498,1
3513,1
3524,2
3526,1
3546,1
3556,1
3575,1
3578,1
3587,1
3604,1
3621,1
3623,1
3633,1
3636,1
3652,1
3666,1
3670,1
3680,1
3684,1
3687,1
3690,1
3691,1
3692,1
3704,1
3737,1
3739,1
3773,1
3780,1
3785,1
3801,2
3814,1
3826,1
3838,1
3846,1
3847,1
3850,1
3854,1
3858,1
3873,1
3878,1
3882,2
3905,1
3930,1
3960,1
3964,1
4003,1
4026,1
4036,1
4040,1
4066,1
4077,1
4092,1
4101,1
4120,1
4126,1
4127,1
4194,1
4218,1
4226,1
4266,1
4271,1
4329,1
4344,1
4366,1
4402,1
4416,2
4421,1
4429,1
4484,1
4502,2
4509,1
4511,1
4514,1
4540,2
4545,2
4579,1
4581,1
4615,1
4630,1
4652,1
4658,1
4661,1
4685,1
4689,1
4751,1
4763,1
4782,1
4786,1
4791,1
4800,1
4834,1
4851,1
4861,1
4878,1
4913,1
4929,1
4954,1
4965,1
4966,1
5005,1
5006,1
5014,1
5018,1
5030,1
5041,1
5047,1
5121,1
5128,3
5139,1
5142,1
5163,1
5169,1
5181,1
5187,1
5239,1
5250,1
5345,1
5347,1
5377,1
5436,1
5448,1
5483,1
5510,1
5525,1
5550,1
5643,1
5736,1
5754,1
5844,1
5857,1
5958,1
5959,1
6022,1
6098,1
6140,1
6223,1
6255,1
6259,1
6568,1
6814,1
6981,1
7842,1
7914,1
7928,3
7990,1
8007,1
8013,1
8029,1
8031,1
8041,1
8091,1
8129,2
8260,1
8307,1
8449,1
8513,1
8536,1
8546,1
8626,1
8630,1
8856,1
8889,1
9295,1
9602,1
9735,1
9915,1
10000,2
10003,24
10022,2
10030,1
10032,2
10036,1
10042,1
10048,1
10052,1
10060,1
10092,1
10223,1
